share asr ca k
0.13 1.09 93.15 1
0.30 0.81 92.83 1
0.42 1.04 92.84 2
6.44 0.91 90.24 1
6.56 1.14 90.03 2
6.73 0.92 89.86 2
6.86 1.16 89.70 3
21.11 5.36 87.88 1
21.24 7.23 87.29 2
21.41 5.52 88.36 2
21.53 7.46 87.82 3
27.55 4.74 90.50 2
27.67 6.73 90.18 3
27.84 4.63 90.97 3
27.97 6.76 90.62 4
47.74 0.40 86.76 1
47.87 0.52 86.54 2
48.04 0.46 85.74 2
48.16 0.50 85.58 3
54.18 0.76 76.48 2
54.30 0.99 75.80 3
54.47 0.81 75.44 3
54.60 0.93 74.76 4
68.86 2.12 86.29 2
68.98 2.66 86.18 3
69.15 2.16 86.59 3
69.28 2.78 86.30 4
75.29 3.23 88.20 3
75.42 4.79 87.75 4
75.59 3.31 88.53 4
75.71 5.07 88.42 5
