share asr ca k
0.13 1.51 93.52 1
0.30 1.12 93.34 1
0.42 1.43 93.41 2
6.44 1.50 92.18 1
6.56 1.91 92.05 2
6.73 1.17 92.19 2
6.86 1.60 92.05 3
21.11 4.57 89.90 1
21.24 6.36 89.75 2
21.41 3.78 90.29 2
21.53 4.96 90.16 3
27.55 8.53 90.76 2
27.67 12.26 90.49 3
27.84 5.70 90.94 3
27.97 7.93 90.77 4
47.74 0.39 86.78 1
47.87 0.43 86.51 2
48.04 0.34 86.61 2
48.16 0.41 86.41 3
54.18 0.58 83.72 2
54.30 0.76 83.27 3
54.47 0.48 83.54 3
54.60 0.56 82.88 4
68.86 3.02 83.62 2
68.98 4.42 83.50 3
69.15 1.88 84.49 3
69.28 2.61 84.25 4
75.29 10.12 85.38 3
75.42 15.14 85.01 4
75.59 4.82 86.12 4
75.71 6.94 85.93 5
