share asr ca k
24.29 3.96 90.85 1
24.41 8.69 88.16 2
24.58 3.51 91.05 2
24.71 7.77 88.64 3
30.72 7.28 88.50 2
30.85 13.84 85.96 3
31.02 7.31 88.31 3
31.14 13.99 85.91 4
45.40 32.96 81.03 2
45.53 50.87 77.38 3
45.70 35.24 82.01 3
45.82 53.73 78.47 4
51.84 64.39 85.00 3
51.96 82.27 81.04 4
52.13 68.19 85.95 4
52.26 84.83 82.78 5
72.03 1.63 90.74 2
72.16 2.69 90.62 3
72.33 1.81 90.03 3
72.45 2.82 89.96 4
78.47 5.66 86.94 3
78.59 9.67 86.51 4
78.76 5.92 86.33 4
78.89 10.27 85.93 5
93.14 56.42 89.04 3
93.27 70.77 88.75 4
93.44 62.51 89.45 4
93.56 75.66 89.10 5
99.58 92.30 91.13 4
99.70 94.53 90.81 5
99.87 93.41 91.54 5
100.00 95.06 91.33 6
