share asr ca k
24.29 16.40 89.36 1
24.41 34.01 83.59 2
24.58 12.00 89.34 2
24.71 25.70 84.45 3
30.72 36.59 88.67 2
30.85 59.94 84.17 3
31.02 24.11 88.52 3
31.14 43.77 84.67 4
45.40 66.56 85.23 2
45.53 82.30 79.87 3
45.70 50.52 85.79 3
45.82 69.44 80.85 4
51.84 92.80 86.77 3
51.96 96.07 81.79 4
52.13 83.88 87.35 4
52.26 91.97 82.84 5
72.03 11.34 90.49 2
72.16 20.07 90.37 3
72.33 6.27 90.25 3
72.45 11.36 90.16 4
78.47 45.64 88.91 3
78.59 62.63 88.74 4
78.76 25.99 88.85 4
78.89 40.69 88.62 5
93.14 81.11 89.93 3
93.27 87.79 89.78 4
93.44 63.00 90.23 4
93.56 76.12 90.10 5
99.58 95.82 91.20 4
99.70 96.49 90.80 5
99.87 93.50 91.55 5
100.00 95.06 91.33 6
